4739925,
6024765,
6025020,
6026231,
6030212,
6030284,
6031186,
180025,
182215,
553248634983549122,
553248635964996862,
553248635975177207,
553248635975177296,
553248635975177340,
553248635975177413,
553248635975177466,
553248635975177495,
553248635975750581,
553248635977044039,
6023825,
602653,
603258,
6046550,
6046551,
6046818,
6049986,
6050063,
183472,
6050887,
6052644,
6053058,
6156837,
6160459,
6236602,
6242041,
6242044,
6246909,
6247225,
3000662841,
553248634838840358,
553248635070788174,
553248635074841485,
553248635290259197,
6053318,
6161282,
6187764,
6188223,
6218167,
6355620,
88542,
10182,
10297,
10541,
10771,
11617,
1338,
139570,
139960,
1462,
1665,
177645,
177852,
178119,
178278,
178391,
178513,
178699,
178741,
179118,
181612,
181955,
183702,
2511,
2692,
3000424207,
3000428685,
3000441131,
3000447217,
3000447322,
3000447327,
3000447447,
3000449407,
3000461743,
3010,
3573,
3597,
386,
453,
500118,
500492,
5351,
603261,
55196,
5526,
553248634539678436,
553248634540009715,
553248634540076800,
553248634834282926,
553248635094270579,
553248635126030638,
553248635205852227,
553248635205852311,
553248635740520273,
553248635740521696,
553248635974547388,
553248635974903012,
553248635976006719,
553248635976384612,
553248635977222404,
55436,
55995,
57817,
5807,
58640,
60096,
601824,
6025649,
6025696,
6025856,
602896,
603067,
6034787,
6046700,
6047521,
6049334,
6049819,
6050613,
6051730,
6053192,
6085091,
6094724,
6123647,
6133259,
6136959,
6139014,
6141193,
6143376,
6145962,
6148,
6194585,
6197291,
6205115,
6213,
6223857,
6231941,
6234015,
6250933,
6270888,
6336362,
6337071,
6348370,
6352197,
6353200,
6355637,
6356329,
6359544,
6509,
6868,
688,
6977,
6999,
7159,
7396,
7769,
7890,
8477,
8610,
8645,
9085,
9568